11skateboarding-101920x1080		1920		1080		87
11skateboarding-151920x1080		1920		1080		89
11skateboarding-51920x1080		1920		1080		51
14airacrobatics-21920x1080		1920		1080		2173
14airacrobatics-31920x1080		1920		1080		697
18ANIMALS-121920x1080		1920		1080		168
18ANIMALS-51920x1080		1920		1080		288
18ANIMALS-61920x1080		1920		1080		228
18ANIMALS-71920x1080		1920		1080		326
3fjords-11920x1080		1920		1080		880
3fjords-21920x1080		1920		1080		1606
5costa1920x1080		1920		1080		468
7monkey41920x1080		1920		1080		217
7monkey71920x1080		1920		1080		484
8americanfootball-61920x1080		1920		1080		374
8americanfootball-71920x1080		1920		1080		392
akiyo352x288		352		288		300
bus352x288		352		288		150
Cactus1920x1080		1920		1080		189
city704x576		704		576		600
coastguard352x288		352		288		300
cont1920x1080		1920		1080		120
crew704x576		704		576		600
crowdrun1920x1080		1920		1080		500
deadline352x288		352		288		1374
female1920x1080		1920		1080		150
football352x288		352		288		260
football720x480		720		480		360
Foreman1920x1080		1920		1080		248
foreman352x288		352		288		300
garden352x240		352		240		115
hallmonitor352x288		352		288		300
harbour704x576		704		576		600
husky352x288		352		288		250
ice704x576		704		576		480
18ANIMALS-11920x1080		1920		1080		330
Coastguard1920x1080		1920		1080		150
stefan352x240		352		240		300
videoSRC069640x360		640		360		150
videoSRC157640x360		640		360		150
in-to-tree1920x1080		1920		1080		500
intros720x480		720		480		360
LiquidAssets-blackandwhitefish1920x1080		1920		1080		570
LiquidAssets-blackfish-original1920x1080		1920		1080		552
LiquidAssets-camofish-original1920x1080		1920		1080		573
LiquidAssets-eels-original1920x1080		1920		1080		499
LiquidAssets-greenanemone-original1920x1080		1920		1080		414
mad900352x288		352		288		900
male1920x1080		1920		1080		150
mobile-calendar720x480		720		480		360
mobile352x288		352		288		300
mother-daughter352x288		352		288		300
mpr-BusB4-original1920x1080		1920		1080		571
Netflix-BoxingPractice2048x1080		2048		1080		254
Netflix-Crosswalk2048x1080		2048		1080		300
Netflix-DrivingPOV2048x1080		2048		1080		1199
Netflix-Narrator2048x1080		2048		1080		300
Netflix-RollerCoaster2048x1080		2048		1080		1199
Netflix-Tango2048x1080		2048		1080		294
news352x288		352		288		300
old-town-cross1920x1080		1920		1080		500
paris352x288		352		288		1065
pedestrian-area1920x1080		1920		1080		375
sign-irene352x288		352		288		540
silent352x288		352		288		300
simo1920x1080		1920		1080		200
soccer704x576		704		576		600
students352x288		352		288		1007
tempete352x288		352		288		260
touchdown-pass1920x1080		1920		1080		570
tractor1920x1080		1920		1080		690
videoSRC001640x360		640		360		150
videoSRC006640x360		640		360		150
videoSRC007640x360		640		360		150
videoSRC009640x360		640		360		150
videoSRC013640x360		640		360		150
videoSRC018640x360		640		360		150
videoSRC056640x360		640		360		150
videoSRC058640x360		640		360		150
videoSRC063640x360		640		360		150
videoSRC067640x360		640		360		150
videoSRC070640x360		640		360		150
videoSRC072640x360		640		360		150
videoSRC078640x360		640		360		150
videoSRC080640x360		640		360		150
videoSRC082640x360		640		360		150
videoSRC102640x360		640		360		120
videoSRC106640x360		640		360		120
videoSRC116640x360		640		360		120
videoSRC120640x360		640		360		120
videoSRC127640x360		640		360		150
videoSRC140640x360		640		360		120
videoSRC144640x360		640		360		120
videoSRC151640x360		640		360		150
videoSRC153640x360		640		360		150
videoSRC159640x360		640		360		120
videoSRC160640x360		640		360		120
videoSRC162640x360		640		360		120
videoSRC173640x360		640		360		120
videoSRC177640x360		640		360		120
videoSRC178640x360		640		360		120
videoSRC183640x360		640		360		120
videoSRC197640x360		640		360		120
videoSRC199640x360		640		360		120
videoSRC203640x360		640		360		120
videoSRC206640x360		640		360		120
vtc1nw720x480		720		480		360
waterfall352x288		352		288		260
